CO1_F9_REPRESENTATION
fixed_vector 1,1,1,1,1,1,1,1,1,1,1,2,1,1,1,1,1,1,1,2,1,1,1,1
dual_seed 1,2,2,2,2,2,2,1,2,2,2,2,2,0,2,1,1,2,1,2,1,1,1,1
generator_1 0,1,0,0,1,1,0,0,2,0,2,2,2,1,0,0,0,0,0,0,1,2,0,0,2,0,1,2,0,0,2,2,0,2\
,0,1,0,0,2,2,2,2,2,2,1,0,1,2,0,2,0,0,2,1,0,0,2,0,1,0,2,2,2,0,0,0,1,0,0,2,0,0,0,\
1,0,0,1,1,1,0,1,0,1,0,1,2,0,2,0,0,0,0,0,2,0,0,2,0,1,2,0,0,1,1,0,1,0,2,0,0,2,1,2\
,2,2,2,2,0,2,1,2,0,2,2,0,0,1,2,0,2,0,2,0,0,1,1,2,1,1,2,2,0,1,2,0,1,0,2,2,2,0,0,\
1,0,2,0,2,2,0,0,1,0,0,0,0,2,0,0,0,1,0,0,2,1,0,0,2,0,2,0,1,2,0,0,0,0,0,0,0,1,2,2\
,1,0,1,2,0,0,2,1,0,1,0,2,0,0,1,2,2,2,1,1,2,0,1,2,0,1,0,0,2,1,0,0,2,0,2,0,1,2,0,\
0,0,0,0,0,0,1,1,1,1,0,2,2,0,0,1,1,0,1,0,1,0,0,2,1,2,1,2,1,1,0,1,2,1,2,0,0,1,1,0\
,0,1,0,2,0,2,2,0,0,0,0,0,2,0,1,0,0,1,0,1,2,0,0,1,2,0,2,0,1,0,0,1,1,2,2,1,1,1,0,\
2,1,2,0,1,1,0,0,1,1,0,1,0,1,0,0,1,1,1,2,1,2,1,0,1,2,0,1,1,0,1,2,0,0,2,0,1,0,2,2\
,0,0,0,1,0,0,0,1,0,0,0,1,0,1,2,2,0,0,1,0,2,0,2,2,0,0,2,0,0,0,0,2,0,0,0,1,0,0,1,\
1,2,0,1,0,1,0,1,2,0,1,0,0,0,0,0,2,0,0,0,1,0,0,1,2,0,0,1,0,2,0,1,1,2,0,0,0,1,0,0\
,1,0,0,0,1,2,0,1,2,0,0,2,0,1,0,2,2,0,0,0,2,0,0,0,1,0,0,0,1,0,0,1,1,0,0,2,0,2,1,\
2,1,0,0,0,0,0,0,2,2,0,0,2,2,0,0,1,1,0,0,1,0,2,0,2,2,0,0,0,0,0,1,0,1,0,0,1,0,1,1\
,0,0,1,2,0,2,0,2,0,0,2,1,1,2,2,1,2,0,1,2,0,2,0,0,1,2,0,1,2,2,2,0,1,2,0,0,0,0,0,\
0,0,2,0,0,0,1,0,0,2,1,0,1,1,2,1,0,2,1,0,0,0,0,0,0,0,1,0,0
generator_2 2,1,1,2,2,0,2,2,0,2,2,0,0,0,1,0,0,1,0,2,0,2,0,0,0,0,0,0,1,2,0,0,2,2\
,0,2,2,2,0,2,1,0,1,0,1,0,1,2,1,1,1,1,2,0,2,2,0,0,1,2,0,0,1,0,0,2,0,1,0,1,0,0,0,\
1,0,0,0,2,0,0,1,1,0,1,2,1,0,1,1,0,1,0,1,0,1,1,2,1,2,1,2,0,1,2,0,0,2,0,0,2,2,0,0\
,2,0,2,0,1,0,0,0,0,0,0,0,1,2,0,1,1,0,1,1,2,0,2,1,0,1,0,1,0,2,2,1,2,2,2,2,0,2,2,\
0,0,2,0,0,0,2,0,0,1,0,1,0,1,1,0,1,1,1,1,1,0,1,2,0,0,2,0,1,0,2,0,0,1,0,1,0,2,0,0\
,2,2,1,1,1,0,2,2,0,0,1,0,0,0,2,1,0,1,0,2,0,1,0,0,2,2,1,1,2,0,1,1,0,0,2,0,0,0,1,\
0,0,1,0,1,1,1,0,0,2,0,0,0,0,2,0,0,1,1,0,2,1,1,0,2,1,0,2,0,2,0,1,2,0,0,0,0,0,1,0\
,0,1,1,0,2,2,2,0,1,2,0,2,0,1,2,1,2,0,0,0,0,0,2,0,0,1,2,0,1,2,2,0,1,1,0,2,1,2,0,\
2,2,2,1,2,1,2,0,2,1,2,0,1,0,0,0,2,0,0,1,0,1,0,2,0,0,1,1,1,2,2,0,1,1,0,0,1,0,0,0\
,2,0,0,1,0,2,0,1,0,2,0,0,0,0,0,2,0,0,1,1,0,2,2,2,0,2,2,1,1,0,2,0,2,1,0,0,0,1,0,\
1,0,0,1,2,0,1,2,1,0,2,2,0,1,0,2,0,1,2,0,0,0,0,0,1,0,0,2,1,2,2,2,1,0,1,1,0,1,0,2\
,0,2,2,0,0,0,0,0,2,0,2,2,1,0,1,2,1,0,2,2,0,2,0,1,0,2,2,1,1,2,1,1,0,2,1,0,0,2,0,\
0,0,1,0,0,1,2,2,0,1,0,0,2,1,1,2,1,0,2,1,0,0,2,0,0,0,2,0,2,2,0,1,0,1,0,0,1,2,1,1\
,2,2,2,1,0,0,2,0,0,0,2,0,0,2,0,2,0,2,0,0,0,0,2,0,0,2,0,0,1,2,0,2,1,1,0,1,2,0,1,\
0,1,0,2,2,0,0,0,0,0,2,0,0,2,1,0,1,1,2,1,1,2,0,1,0,2,0,1,2
